-2.449293598294706414e-16
-3.624886424927319800e-02
-7.032105749038330966e-02
-1.024748208986254877e-01
-1.329299917823579535e-01
-1.618750390116941995e-01
-1.894726203257048047e-01
-2.158640149028346333e-01
-2.411726914765109087e-01
-2.655072062200737881e-01
-2.889635769593082437e-01
-3.116272454997275343e-01
-3.335747142414238753e-01
-3.548749242222956624e-01
-3.755904274867646331e-01
-3.957783959584038058e-01
-4.154915009034720330e-01
-4.347786909657030407e-01
-4.536858921688676216e-01
-4.722566498904022247e-01
-4.905327303694606567e-01
-5.085546976598364077e-01
-5.263624809611137101e-01
-5.439959468934549847e-01
-5.614954914943736108e-01
-5.789026675172551650e-01
-5.962608640452814468e-01
-6.136160575852628307e-01
-6.310176568063348146e-01
-6.485194671320968496e-01
-6.661808067550422097e-01
-6.840678127007338016e-01
-7.022549848572948727e-01
-7.208270281445697814e-01
-7.398810692673049028e-01
-7.595293462507556326e-01
-7.799024983005502509e-01
-8.011536235042256981e-01
-8.234633269511738574e-01
-8.470460585903524242e-01
-8.721581484970929443e-01
-8.991081023461890975e-01
-9.282699453534467571e-01
-9.601007360566180537e-01
-9.951638723232186790e-01
-1.034160580439999810e+00
-1.077973182557595555e+00
-1.127725671202812308e+00
-1.184870307370422982e+00
-1.251314374921510542e+00
-1.329610744813438439e+00
-1.423253301831694628e+00
-1.537151541934541843e+00
-1.678425630102382993e+00
-1.857806765377294722e+00
-2.092259303625187083e+00
-2.410281319049454751e+00
-2.863736439558221658e+00
-3.558063579248365915e+00
-4.745829761392739599e+00
-7.222056693149008666e+00
-2.786203498123153821e+01
1.379163781588930249e+02
-1.414869364683194135e+02
1.315173189221474814e+01
1.017246108566147598e+02
-7.713032026796763319e+01
1.015487926511268739e+02
-1.261391001887527210e+02
1.146253402658885179e+01
1.147178632985529134e+02
-1.079149378530618293e+02
3.825088679264391089e+01
-1.376366545438804678e+01
1.323146991184007675e+02
-1.390702450669489565e+02
-1.370970393126781417e+01
1.414068782690410160e+02
-1.117555393612714454e+02
1.097803851056406899e+01
-8.511358009001064318e+00
1.361749317444126177e+02
-1.170743276892325042e+02
1.078416884956693877e+01
1.204591809160134517e+02
-1.447825570795932606e+02
1.381727419279031110e+01
1.399417826135160396e+02
-1.344396757567342320e+02
8.986069487437312375e+00
-1.171646116723709241e+01
1.074086765111072879e+02
-1.319072374620074584e+02
3.621910020219176829e+01
-3.349243074782425822e+01
1.099065688944459964e+02
-1.154355561326187853e+02
1.075671733681105025e+01
1.204184107011936646e+02
-1.236089359362964899e+02
-9.537970352971147037e+00
1.202804343688532782e+02
-1.261272722242538009e+02
-1.246641980498908353e+01
1.388740984164026600e+02
-1.310080127387890059e+02
1.732218335430433953e+01
-4.510634120877374187e+01
1.245769361002847404e+02
-1.251058606015039771e+02
1.558011976979072699e+01
-3.940142235704842477e+01
1.059413767784382827e+02
-1.114138361351613611e+02
-4.033569752298923561e+00
3.980494981618168993e+01
4.860290497093353146e+00
-2.844525728970740275e+01
1.090701168111203572e+02
-1.094077644157019478e+02
2.702512739373644379e+01
-3.115691495679061285e-02
-2.726585116048937962e+01
9.626008995955072578e+01
-9.975760518523424025e+01
7.003263295536211785e+01
-8.821188087125254640e+01
3.297857448466013608e+01
-3.232208961745180176e+01
1.074174351335471158e+02
-1.092286453953584555e+02
3.475732508741387505e+00
7.196644088343635559e+00
4.673172473312946273e+00
3.461226916339492199e+00
2.748173543739549807e+00
2.277774692636188369e+00
1.943522551280213007e+00
1.693269863987136414e+00
1.498526167660336972e+00
1.342431039742780552e+00
1.214368378664531845e+00
1.107311033141184398e+00
1.016412571953800414e+00
9.382153345293740010e-01
8.701823233787081557e-01
8.104081425373426129e-01
7.574334336687914560e-01
7.101216132699648131e-01
6.675745372887224027e-01
6.290733267298026510e-01
5.940359515923749889e-01
5.619862693222911210e-01
5.325310662956843633e-01
5.053427956084804995e-01
4.801464343540434165e-01
4.567093620348748328e-01
4.348334828054856716e-01
4.143490338228080772e-01
3.951096745191614579e-01
3.769885589840016316e-01
3.598751701141282844e-01
3.436727492696597941e-01
3.282961952775678705e-01
3.136703361450414174e-01
2.997284988074264134e-01
2.864113187431839291e-01
2.736657438156817612e-01
2.614441962923101936e-01
2.497038643920050371e-01
2.384061004631348457e-01
2.275159073906037888e-01
2.170014983671565978e-01
2.068339179588792598e-01
1.969867146148298054e-01
1.874356565422100329e-01
1.781584842886703712e-01
1.691346945171752214e-01
1.603453503844449735e-01
1.517729146864952583e-01
1.434011025494639213e-01
1.352147509483174748e-01
1.271997027518155798e-01
1.193427033363285150e-01
1.116313080972280297e-01
1.040537994253106502e-01
9.659911191559152066e-02
8.925676474366520119e-02
8.201680028616518958e-02
7.486972818111489736e-02
6.780647412475948599e-02
6.081833278674417254e-02
5.389692429766618914e-02
4.703415382404899786e-02
4.022217379728891540e-02
3.345334840643528207e-02
2.672022000088044441e-02
2.001547707904426446e-02
1.333192356366678238e-02
6.662449083952613933e-03
0.000000000000000000e+00
