-2.449293598294706414e-16
-3.253223946030770614e-02
-6.284284507438023248e-02
-9.114933180765867615e-02
-1.176336673504186359e-01
-1.424483019051508426e-01
-1.657209327823014888e-01
-1.875583005026240369e-01
-2.080492367249091035e-01
-2.272671298849901766e-01
-2.452719349897448664e-01
-2.621118251620389028e-01
-2.778245612640660722e-01
-2.924386401416031456e-01
-3.059742702538955639e-01
-3.184442146284874875e-01
-3.298545344418624681e-01
-3.402052615094260379e-01
-3.494910241440888354e-01
-3.577016478782822917e-01
-3.648227501710886167e-01
-3.708363462152446388e-01
-3.757214811220102590e-01
-3.794549019188783734e-01
-3.820117807840930357e-01
-3.833664986148233034e-01
-3.834934952508145534e-01
-3.823681893433020784e-01
-3.799679668932507415e-01
-3.762732328521208314e-01
-3.712685149107668447e-01
-3.649436028014160782e-01
-3.572947002963262619e-01
-3.483255608949014648e-01
-3.380485723378933716e-01
-3.264857500506281318e-01
-3.136695959388655086e-01
-2.996437772061245064e-01
-2.844635805624899927e-01
-2.681961007830295785e-01
-2.509201293049573844e-01
-2.327257184380928101e-01
-2.137134095177042614e-01
-1.939931283468567524e-01
-1.736827676467974924e-01
-1.529064928044014393e-01
-1.317928226794382596e-01
-1.104725503092563316e-01
-8.907657786572720227e-02
-6.773374530612627509e-02
-4.656873234083052510e-02
-2.570010860089511073e-02
-5.238597673984287002e-03
1.471439216325088478e-02
3.406793301205528895e-02
5.274241722595141013e-02
7.067006750510172741e-02
8.779512775609338293e-02
1.040737582001358408e-01
1.194736683323093379e-01
1.339735283336627170e-01
1.475622034126173598e-01
1.602378565458097981e-01
1.720069636239051347e-01
1.828832816133809380e-01
1.928868055862329733e-01
2.020427448917483382e-01
2.103805428328361926e-01
2.179329583628477618e-01
2.247352228397467566e-01
2.308242799697869940e-01
2.362381128630850202e-01
2.410151586569687088e-01
2.451938084319293387e-01
2.488119881014307644e-01
2.519068145269989234e-01
2.545143202065324184e-01
2.566692394149713841e-01
2.584048485532444706e-01
2.597528536018183232e-01
2.607433179069768570e-01
2.614046239898626944e-01
2.617634636100442114e-01
2.618448508970384614e-01
2.616721539542931629e-01
2.612671409181408499e-01
2.606500370034796066e-01
2.598395895781857035e-01
2.588531387735833467e-01
2.577066915560839444e-01
2.564149975551346938e-01
2.549916252664174432e-01
2.534490375294704556e-01
2.517986654189430240e-01
2.500509798922701532e-01
2.482155607075466897e-01
2.463011622675882473e-01
2.443157761632291924e-01
2.422666902842271486e-01
2.401605444428004943e-01
2.380033825156319949e-01
2.358007011575930789e-01
2.335574951766727358e-01
2.312782996865257457e-01
2.289672291723328368e-01
2.266280136186930028e-01
2.242640318562464652e-01
2.218783422876605405e-01
2.194737111543576813e-01
2.170526385036228856e-01
2.146173820120963471e-01
2.121699788166059586e-01
2.097122654972324030e-01
2.072458963507352314e-01
2.047723600852696391e-01
2.022929950598894577e-01
1.998090031848263892e-01
1.973214625910851006e-01
1.948313391705934206e-01
1.923394970810676508e-01
1.898467083029486413e-01
1.873536613292671182e-01
1.848609690631341784e-01
1.823691759917340505e-01
1.798787647002257906e-01
1.773901617838410105e-01
1.749037432116841984e-01
1.724198391912950823e-01
1.699387385789051796e-01
1.674606928764965919e-01
1.649859198532408477e-01
1.625146068256345111e-01
1.600469136276498616e-01
1.575829752994576949e-01
1.551229045207468404e-01
1.526667938123398571e-01
1.502147175276767332e-01
1.477667336537885900e-01
1.453228854396029501e-01
1.428832028677943233e-01
1.404477039849086895e-01
1.380163961031353193e-01
1.355892768858645014e-01
1.331663353280453932e-01
1.307475526413332811e-01
1.283329030530844239e-01
1.259223545274092970e-01
1.235158694157250936e-01
1.211134050435475201e-01
1.187149142396286133e-01
1.163203458129680040e-01
1.139296449827034985e-01
1.115427537654112428e-01
1.091596113239147320e-01
1.067801542813125726e-01
1.044043170035799245e-01
1.020320318537790566e-01
9.966322942062316725e-02
9.729783872387555432e-02
9.493578739882720108e-02
9.257700186188118352e-02
9.022140745907682169e-02
8.786892859921011101e-02
8.551948887304726410e-02
8.317301115998433636e-02
8.082941772337426389e-02
7.848863029562587468e-02
7.615057015407174223e-02
7.381515818850560573e-02
7.148231496120306672e-02
6.915196076016033588e-02
6.682401564621447132e-02
6.449839949464464262e-02
6.217503203179541860e-02
5.985383286721127766e-02
5.753472152172336290e-02
5.521761745188753789e-02
5.290244007113373975e-02
5.058910876795208456e-02
4.827754292140960107e-02
4.596766191426323450e-02
4.365938514390939329e-02
4.135263203138692806e-02
3.904732202863019780e-02
3.674337462414981742e-02
3.444070934730221467e-02
3.213924577129387977e-02
2.983890351505279898e-02
2.753960224408729188e-02
2.524126167044185576e-02
2.294380155184969072e-02
2.064714169017315207e-02
1.835120192921567070e-02
1.605590215198187537e-02
1.376116227745681660e-02
1.146690225696991861e-02
9.173042070204895024e-03
6.879501720912985230e-03
4.586201232383701511e-03
2.293060642724662965e-03
0.000000000000000000e+00
